f1                   f2                    f3                 f4        class label
5.91             3.09              3.74             1.17             1
6.94	2.39	3.95	1.02	1
5.73	2.75	4.64	1.02	1
6.14	3.32	3.67	1.24	1
5.42	2.93	3.85	1.37	1
5.03	2.84	3.49	1.02	1
5.38	3.16	4.11	1.52	1
6.77	2.66	4.16	0.95	1
6.70	3.44	4.39	1.68	1
6.73	3.33	4.13	1.32	1
5.83	2.87	4.71	0.71	1
6.02	3.38	4.70	1.33	1
7.33	3.09	3.77	1.32	1
5.87	2.81	4.42	1.39	1
6.41	3.10	3.53	1.00	1
6.38	2.61	4.19	1.39	1
7.39	3.05	4.21	1.07	1
6.16	3.46	4.15	1.59	1
6.59	2.84	4.39	1.40	1
6.76	2.82	4.12	1.34	1
7.07	2.76	4.63	1.34	1
6.58	3.12	4.24	1.02	1
5.46	2.41	3.88	1.05	1
6.02	2.93	4.20	1.54	1
6.28	2.83	4.37	1.34	1
7.40	3.00	4.62	1.48	1
6.24	2.93	4.00	1.02	1
6.62	2.54	3.57	1.31	1
5.77	2.52	4.91	1.30	1
6.72	2.74	3.47	1.07	1
6.85	3.01	4.66	1.15	1
6.16	3.10	3.78	1.36	1
6.45	3.07	4.53	1.46	1
6.66	3.13	3.54	0.93	1
5.86	3.23	4.27	1.49	1
5.99	3.53	3.71	1.25	1
6.09	2.68	4.11	1.23	1
5.37	3.19	4.29	1.38	1
5.42	3.38	4.19	1.25	1
6.84	3.13	4.00	1.39	1
6.56	3.04	4.77	1.26	1
6.56	2.95	4.31	1.27	1
6.05	3.32	4.36	1.35	1
7.53	3.17	4.48	1.34	1
6.00	2.34	3.40	1.37	1
6.96	2.91	4.36	1.21	1
6.35	2.93	4.29	1.20	1
7.07	2.73	4.71	1.42	1
6.06	3.17	4.47	1.35	1
5.26	2.96	3.67	1.46	1
6.31	2.59	4.20	1.48	1
6.73	2.62	4.06	1.16	1
6.71	2.89	4.53	1.07	1
5.77	2.60	4.09	1.67	1
6.25	2.89	4.22	1.28	1
7.13	2.74	3.94	0.92	1
6.90	2.95	4.29	1.38	1
5.33	2.72	4.35	1.35	1
6.44	2.94	4.58	1.08	1
6.83	2.56	4.24	0.98	1
5.81	3.36	4.01	1.34	1
7.56	3.14	4.68	1.13	1
6.72	3.42	5.10	1.61	1
6.07	3.08	4.43	1.25	1
6.24	3.00	4.21	1.34	1
6.31	2.79	4.89	1.48	1
6.31	2.82	3.92	1.22	1
7.29	3.15	3.87	1.24	1
6.07	2.87	4.14	1.41	1
6.49	3.04	3.28	0.89	1
6.64	2.88	4.44	1.34	1
5.85	3.39	4.38	1.33	1
6.51	2.89	3.58	1.55	1
6.14	2.61	4.08	1.23	1
6.55	2.22	4.64	1.30	1
6.58	3.14	4.10	1.25	1
5.60	2.81	4.59	0.89	1
5.77	3.09	3.93	1.37	1
7.53	2.24	4.40	1.21	1
6.72	2.02	4.30	1.49	1
6.50	3.06	4.17	1.00	1
5.90	2.51	4.42	1.33	1
6.11	3.04	4.24	1.41	1
6.93	2.35	3.58	1.09	1
6.20	2.79	4.41	1.24	1
6.76	3.04	4.33	1.59	1
6.29	2.49	4.25	1.52	1
6.17	3.65	4.33	1.13	1
6.88	2.65	4.63	1.29	1
5.86	3.64	3.49	1.25	1
6.02	1.87	4.91	1.52	1
7.10	3.49	4.52	1.47	1
5.67	2.99	3.93	1.45	1
5.65	2.89	5.16	1.49	1
5.90	3.27	4.18	1.61	1
5.70	3.34	4.10	1.59	1
6.76	2.75	4.32	1.50	1
6.61	2.60	3.74	1.68	1
6.55	2.64	4.33	1.26	1
6.58	2.96	4.94	1.38	1
7.47	2.94	5.86	2.01	2
6.11	3.44	5.82	2.35	2
6.23	2.90	5.52	2.12	2
6.16	3.41	5.04	2.35	2
6.21	2.26	6.06	2.15	2
6.57	3.49	5.68	2.10	2
5.81	2.94	4.96	1.87	2
5.88	2.49	6.09	2.05	2
7.61	2.75	5.45	2.24	2
6.77	2.92	5.59	1.96	2
6.69	3.01	5.39	2.43	2
7.53	2.74	4.67	2.17	2
6.29	3.22	5.77	1.59	2
5.38	2.95	6.23	2.20	2
5.35	2.76	5.79	2.72	2
5.94	3.02	6.21	2.32	2
7.77	2.64	5.78	2.36	2
6.31	2.43	4.44	1.41	2
7.28	3.24	5.33	2.19	2
5.87	2.44	5.54	2.33	2
7.01	3.02	5.99	2.24	2
6.21	3.25	6.12	2.28	2
6.35	3.16	6.10	1.66	2
5.52	2.63	5.06	1.95	2
6.69	2.72	5.98	1.83	2
6.51	2.97	5.68	1.87	2
7.14	3.00	5.45	1.81	2
7.21	2.90	5.57	2.04	2
5.47	3.32	5.22	2.02	2
7.74	2.41	5.45	2.13	2
6.38	2.44	5.34	2.12	2
6.67	2.99	5.77	1.87	2
6.52	2.33	5.42	2.21	2
6.62	3.27	5.76	1.82	2
6.24	3.06	6.03	2.48	2
6.72	3.18	5.55	2.15	2
7.46	3.17	4.88	1.67	2
6.77	2.56	5.44	2.11	2
6.40	2.97	6.04	1.88	2
6.52	2.74	5.40	2.13	2
7.62	3.25	6.30	2.16	2
6.35	2.52	5.77	2.54	2
6.60	2.79	5.18	2.02	2
7.32	3.67	5.48	2.10	2
7.00	2.84	5.60	1.84	2
7.55	3.08	5.87	2.37	2
5.51	2.40	5.22	1.96	2
6.92	3.04	5.65	2.10	2
7.15	2.54	6.25	2.24	2
6.53	3.06	5.70	2.28	2
6.23	3.15	5.62	1.77	2
5.81	3.14	5.12	2.01	2
6.53	2.77	5.72	2.03	2
6.93	3.25	5.62	2.58	2
7.09	2.89	5.13	2.09	2
7.06	2.83	5.78	2.00	2
5.77	3.18	6.50	2.30	2
7.00	3.50	5.40	1.79	2
6.54	2.63	5.24	1.71	2
6.88	3.03	5.82	2.17	2
6.45	2.71	5.84	1.60	2
5.77	2.93	5.12	1.82	2
6.84	2.70	5.78	2.17	2
8.07	2.39	4.95	2.26	2
6.52	2.58	5.81	1.83	2
7.94	3.17	5.67	1.98	2
5.75	2.18	5.53	2.42	2
7.04	2.71	5.02	2.29	2
6.51	2.86	5.37	2.23	2
7.16	2.98	5.79	1.99	2
6.83	2.59	6.38	2.35	2
6.04	3.21	6.03	2.25	2
6.30	3.34	5.37	2.22	2
6.26	2.72	5.36	1.64	2
5.92	2.90	5.27	2.00	2
7.28	3.22	5.97	1.74	2
5.59	2.99	5.62	1.90	2
6.66	2.83	6.07	1.90	2
6.34	3.25	6.40	2.26	2
6.45	2.77	5.79	2.04	2
5.33	2.98	6.04	2.27	2
6.84	2.44	5.61	2.08	2
6.76	2.38	4.79	2.06	2
6.10	2.72	5.47	1.37	2
6.73	2.86	5.00	1.83	2
6.25	3.08	5.55	2.59	2
6.90	3.29	5.85	2.01	2
6.49	2.78	5.45	1.83	2
5.76	2.79	6.48	1.89	2
6.84	2.93	5.12	1.48	2
6.95	3.27	6.48	2.17	2
6.08	2.85	5.35	1.78	2
6.90	3.14	5.31	1.99	2
6.55	3.14	5.89	2.33	2
7.01	2.93	5.53	2.43	2
6.64	2.96	5.67	1.53	2
6.85	2.81	5.40	2.47	2
7.05	2.34	5.92	2.30	2
7.58	2.32	6.85	1.69	2
7.04	3.57	5.03	1.26	2
